2.426321705023383402e+00
-9.705286820093533606e+00
1.455793023014030041e+01
-9.705286820092624112e+00
3.299534083827438735e+00
5.567396743279005022e+00
1.790846833609521127e+00
8.774757149582001148e+00
6.915433370811115310e+00
-2.112788141129703945e+01
3.906356240940567659e+00
5.426580304241724662e+00
-4.705570816845920490e+00
2.797873541344415571e+00
6.223306738821065665e+00
1.121235004086429399e+00
1.134957999039806964e+01
4.920958561287989141e-01
4.287027004397714336e-01
-1.412899439092598186e+00
1.066269972842746938e+01
9.633541141533896734e+00
9.398629732299013995e+00
-1.980369995120690874e+01
-2.029038194124950678e+00
3.019666260736812546e+00
1.159990758838239344e+01
-4.221438394940378203e+00
5.071564427435532707e+00
-2.001305197210194819e+01
-5.427147223405427212e+00
-1.614122754577829255e+01
-6.557165077418176224e+00
4.902302409230742342e+00
9.035307533169088856e+00
5.041396023760171374e+00
-2.265178084802300873e+00
2.891574991310335463e+00
-1.078315847401745486e+01
2.002187654594763444e+00
2.188109315116480502e+01
-4.134360402626498399e+00
4.097006545218391693e+00
1.010162932448201900e+01
-1.619069075523384527e+00
-2.607849872520091594e-01
-2.635093731146298524e+00
1.851147370551188942e+00
3.580097553324321780e+00
4.443929603614378721e+00
-9.405506819834045018e+00
6.242862606639391743e+00
2.857492155318595906e+00
5.954495462548948126e+00
-6.777561999962472328e+00
3.493586956279614242e+00
-9.931750613765871094e+00
-2.369276339086582084e+01
-9.477352630221957952e+00
1.583957480409844720e+01
3.936027955527151789e+00
-4.903653273723648454e+00
-1.278400997369408287e+01
1.133751609618047951e+01
1.304289740863168845e+00
-4.286857816221981921e+00
7.644639510039723973e+00
-1.874097081837226142e+01
4.588572900125654996e+00
-5.407796607537420641e-01
-1.375887479193534091e+01
5.042839689998800168e+00
8.140791876072853483e+00
-3.586387026294687530e+00
-1.651440198579621210e+01
-1.034376678501303104e+00
4.276969109477704478e+00
2.875902380688330595e+00
1.064127591489523184e-01
6.228843950128066353e+00
4.022308215703105816e+00
3.137222505415593332e-01
8.967044519780301925e+00
2.775139169302747177e-01
1.388998854858982668e-01
-8.739339796790773107e+00
-4.524230918189914519e+00
1.248663281378549073e+01
-8.013342309504878358e-01
-3.557373364899376611e+00
3.908176110452586727e+00
5.990109821480928076e+00
4.563738771726093546e+00
-3.495989093225398392e+01
1.192689991735778676e+01
9.888913719992160622e+00
-7.186999968134841765e-01
-5.921268916354165412e+00
-2.187635037883637779e+01
-2.012032465903757839e+00
-1.508884683517408121e+00
-9.260111453554600303e+00
1.195356452033274763e+01
-1.318401047741144794e+01
2.088830203937504848e+01
-1.755101873236981191e+00
-1.975021901414038439e+00
6.001340084413186560e+00
5.676938329009317385e+00
1.598853233831505349e+01
-6.064474605967006937e+00
9.853701212824034883e+00
2.142750266381563051e+01
4.274726287916564615e+00
-7.000494847708978341e+00
9.177887503828515037e+00
-3.441661018957347551e+00
-1.577429240274068434e+01
6.907712104541133158e+00
-1.518034165365406807e+00
-2.942805966797095607e+00
-1.981558861294615781e+00
-1.177878683208518851e+01
-7.104809738079893577e+00
1.283904752531134363e+01
1.375254212674644805e+01
6.435112969787951442e+00
3.804092966069674731e+00
6.712828252892450109e+00
4.226936078237486072e+00
-3.167319223832691932e+00
1.764261353576193869e+01
-4.895817060610625049e+00
-4.327094391567698040e+00
5.325091844456437684e-01
8.994751070524216630e+00
-1.215019699092545125e+01
-4.165216894883087662e+00
-3.085910184460772143e+00
-1.575009154781264442e+01
-9.210053316633093345e-01
4.005152926451955864e+00
6.533271066668021376e+00
-1.319732744346219988e+01
-1.115582574087284229e+01
6.975747068640885118e+00
-3.291092806022334116e+00
-9.107620814116216934e+00
-9.360954920902258891e+00
5.908066022834191244e+00
-1.086417615557820682e+00
-1.120625001831149348e+01
-1.512399522320311007e+01
3.498053898705165921e+00
-4.762653338980271656e-01
-1.247447058149600707e+01
6.014154083395624184e-01
1.363748368686037793e+01
5.293509859448477073e+00
6.991416008822852746e+00
1.619752266948080432e+01
-5.496485341008792602e+00
-4.311979285732832068e+00
2.854888815722915751e-01
2.871227974123939930e+00
1.881466908986885755e+01
-4.054644739691866562e+00
-1.455669200641023053e+01
4.262463466789085942e+00
-9.958025816440567723e+00
-1.462879424400853168e+00
-3.427189539889241132e+00
-7.357374366633848695e-01
7.810199417727289983e+00
1.322413779360022090e+01
-2.377677626305739977e+00
-1.217419104748250902e+01
-4.229145773444088263e+00
-5.724917613334127964e+00
-4.984751607814814633e+00
2.654267811200043070e+00
6.186228151230352523e+00
1.915595206737089029e+01
-8.058693293890428322e+00
-2.723191392729677318e+01
-4.552413754956432967e+00
-8.862307406358013395e+00
1.358810039039826734e+01
4.845070701030635973e-01
1.642357474351683777e+00
2.254766641921651171e+01
5.103226866563090880e-01
-9.134164431907265680e-01
1.192360266264586244e+00
2.896842300011940097e+00
2.265546429968253506e+00
-1.213618370996027807e+01
9.663828977288630995e+00
-3.857226000488935824e+00
1.789058073649266589e+01
7.096900103265397775e+00
2.053744558455946390e+00
8.546958085797996318e+00
8.236817109512230672e+00
-1.063104458448742662e+01
-1.595351666561236925e+01
5.103263961142147309e+00
1.117487569528748281e+00
1.641929529139952137e+01
1.007524125705822371e+01
-3.990764056250100111e+00
-6.004766009386912629e+00
-1.173842835593086420e+01
9.587523852638241806e+00
8.449494343564765586e+00
7.515164660905611527e+00
4.543041612393608375e+00
1.144128636854384240e+01
1.511679478356791151e+01
-4.336155271212192019e+00
-1.535894371375297851e+01
-4.824155865262582665e-01
-2.187564907630076050e+00
-2.941635748125463579e+00
9.473234374918320100e+00
1.726473910766890185e+01
3.904871288840240595e+00
-8.279424491763165861e+00
-1.162348181320658114e+01
-1.383923471377329406e+01
-3.819079778722880292e+00
7.974641750490718550e+00
-7.153013669380925421e+00
2.205724953264370924e+01
-4.932059927985847025e+00
-4.010401396813904284e+00
9.787229725471206621e+00
-2.686496108443179764e+01
-9.318162103787472006e+00
6.705813924494123057e+00
3.716915128225082299e+00
-1.513796243392789620e+01
-5.678003455173438851e+00
-5.328398527724402811e+00
6.892675811550361686e-01
-2.574671972810847365e+01
-1.707222389860135081e+01
2.931700743357851024e+00
-6.538246247423558088e-01
2.069166420819192354e+01
-1.132281079050289918e+01
5.982565499039083079e-01
-7.386541521818344336e+00
-1.067131523309399199e+00
-1.845500524602402947e+01
-8.275193714772285603e+00
-5.012517869413386506e-01
4.533570569421954133e+00
-6.163023038199753501e+00
2.624794270540860452e+00
1.499177135180934783e+01
-9.550940682476721122e+00
3.059308878782758256e-01
-4.756706099130042276e+00
6.533331474477563461e+00
3.122586183777229962e+01
-7.555356727392791072e+00
-8.921231804498347628e+00
-1.303518794145111315e+01
4.201923006949073169e-01
-6.724037408268941363e+00
-1.947445895015334827e+00
-6.362558035845268023e+00
-9.049898516313987784e-01
3.376133093073167402e+01
1.775191955557147594e+00
-4.824053834689493669e+00
-1.092358534189179409e+01
-1.677913506685490574e+01
1.876129325508918555e+01
-2.016947101652431229e+01
7.598322522152557212e+00
1.167108686516576199e+01
9.946996304120148125e-01
-7.458694382840349135e+00
-2.002135489994543605e+01
-1.527647420384846555e+01
7.868254981390236935e-01
1.686294246994111745e+01
1.555255193867378694e+01
1.109389834800595054e+01
4.392925272932188818e-01
2.111990763494759449e+00
8.991768698427222262e+00
1.248248956862153136e+01
9.361908474857045803e-01
-4.014088541006003652e+00
9.919839617368779727e+00
-1.424702567674694365e+01
1.070459253107219411e+01
-5.969076941297771555e+00
-2.567910611521256214e+00
-9.608193454003412626e+00
2.966696884648354171e+01
2.462232658463108237e-01
-6.613373117905666732e+00
1.524893570658514363e+01
3.745582931633634871e+00
1.015499316739078495e+01
5.377457675327605102e+00
-1.982759497117694991e+01
-1.035055074784668250e+01
-1.235170876246957050e+01
7.770358650484922691e+00
1.811520712975288916e+01
1.831460794904842260e+01
5.465104660482666077e+00
8.939672433273244678e+00
1.408076960293328739e+00
-1.955032821500071805e+01
4.827450848301396036e+00
1.509645756167174113e+00
2.360492474953389319e+00
2.308327312504752626e+01
-1.251335415503672266e+01
-1.945661504000554487e+01
1.858875891975003469e+00
6.359520942609833583e+00
-4.910298727099871030e-02
-4.268521662302191544e-01
-7.828421443141905911e+00
-8.994188480422963039e+00
9.901776208885166852e+00
-5.356908490833120595e+00
-1.098721026887869812e+01
-3.637399088066558761e+00
-5.085197905266795715e+00
-1.030468542073367644e+01
-8.947282822233319166e+00
-9.422452779172090231e+00
1.746735840368455683e+01
-6.738823087594028038e+00
4.574976503940888506e-01
1.227269557818362955e+01
7.755458355284190475e+00
-4.950184028110470535e+00
2.301826031913606130e+00
-1.912944698208912087e+01
-1.391900677846479084e+00
-1.839127802585608151e+00
1.891019373256767722e+00
-4.989808828552213527e+00
-6.942530914605868020e+00
1.052113762800536279e+01
-1.203164509439648100e+01
2.806783844870096800e+00
-2.636747519696200470e+00
1.534303310345831051e+01
1.550172385240011863e+01
1.582040366142155108e+01
-7.552589829876524163e+00
4.005106889714625140e+00
-1.958454674689210151e+01
5.966808331520951469e+00
-2.962791761658536416e+00
-7.375475180496323446e+00
9.594595494802888425e+00
1.487694993790864828e+01
-8.997213806502713851e+00
-1.103207370154905220e+01
-2.079956010592422899e+01
7.106978580879967922e+00
7.399811518882415839e+00
-3.414911320956889540e+00
-1.608453603540419863e+01
8.681060668522604828e+00
-5.526723702366780344e+00
-2.630458883833398431e+00
1.039299334565839672e+00
4.231938906910727383e+00
1.097778544557331770e+01
1.796661234447901734e+01
-8.712208581327558932e+00
1.002302831547604001e+01
2.689517435064772144e+00
-1.975872402516415605e+00
-4.282619360765693273e+00
-2.433937677817993972e+00
-2.807405981197462097e+00
6.273601021911417774e+00
1.849613875614977587e+01
6.398623902814506437e+00
-1.279361766097554209e+01
-1.056710555954396114e+00
-5.923228978459974314e+00
1.514313927718330888e+01
2.104093123763368567e+01
-2.987790320845306269e+00
1.659231827187841191e+01
9.886310800480259786e+00
1.431763694761684746e+00
-9.544701186437123397e-01
-2.920448762167188761e+01
-1.341343192311342136e+00
-1.588570222796897724e+01
4.063338677606225247e-01
-9.657600914115391788e+00
5.124232248851058102e+00
-1.446060375037222911e+01
-4.695115851054652012e+00
7.247065494618254888e+00
7.736212638083088677e+00
-1.716945538702339036e+01
-9.162549010751263268e+00
-1.467556964600862557e+01
-2.535654586577493319e+00
2.231224133938849263e+01
-3.897827127454547735e+00
7.077814529635361396e+00
-4.896767400165117579e+00
-1.501622771941401879e+01
4.285369814285331813e+00
-1.017161630722011978e+01
9.808285812273425108e+00
5.745922554837761709e+00
-1.511141392241688663e+01
-1.482306141334902350e+00
8.841459533336546883e+00
-2.027447486404707888e+01
8.531727969188068528e+00
-3.227363469601186807e+00
-1.076536580061292625e+01
-3.613922590864149242e+00
2.602969084822871082e+01
7.961738523669282586e+00
-4.787535710560405278e+00
7.042848273009440163e+00
-5.755509499742856860e+00
1.622011846238228827e+01
-3.096249996977803676e+00
-1.726265160385992203e+01
1.648490315276694673e+01
6.327638316219236003e+00
1.097421108433991321e+00
1.129498945807245036e+01
5.194809741862172814e+00
-1.644782189705438213e-01
1.733434474243176737e+01
3.819155864136973833e+00
-7.324437022062738833e+00
5.072938813247674261e+00
-1.971032134011556991e+01
2.496882605928021803e+00
-3.185947456239318853e+00
-1.816059628510856783e+01
2.758319971435867046e+00
1.528123640099602198e+01
3.466762672940330958e+01
2.653538670302987157e+01
2.072024736031971770e+01
-2.266428294479783290e+01
-6.841338568430273881e+00
6.172659096834649972e+00
5.561531618312073988e+00
-1.205949615838108002e+00
8.915934300284789060e-01
-2.719767624272208195e+01
4.488144570960685087e+00
-1.670134747738529768e+01
1.105013864527791156e+00
5.219565460730791528e+00
-2.481091352516841653e+01
-6.595851337264321046e+00
4.863425995388752199e+00
6.560693890720813215e+00
1.561686396876211802e+01
1.165905350044340594e+01
-1.355973054815331125e+01
-1.372130355804529245e+01
-2.228315153706716956e-01
-1.376956639175386954e+01
-3.959904001059840084e+00
-1.488351563156493285e+01
-1.066235049836905091e+00
-1.643069189886364256e+01
-5.799331555295339058e+00
-1.700807819584633762e+01
2.101906492119269387e+00
-8.151367502409812005e-01
-1.471079466290484561e+01
4.841323717690556805e+00
-1.206778663808836427e+01
5.030257481486387405e+00
1.668746878932279287e+01
-2.341128754893361474e+00
-1.632035277549812236e+01
-4.081176885527838749e+00
-6.709050043158640619e+00
-1.075256156086697956e+01
-5.184483905251454416e+00
-1.504576860997804033e+01
-1.343729352623313389e+01
1.559282388834981248e+01
-1.198704557921291780e+01
5.695265720441057056e+00
-9.375677005763463967e+00
-7.155727869135262154e+00
6.738767989735606534e+00
-6.074927524529812217e+00
-2.396234414043692595e+01
3.377105257925450132e+00
4.971269529361961759e+00
4.014418645511796058e+00
2.626229645600778895e+01
2.654087184463605809e+00
-2.429526145311820073e+01
1.040349032262611217e+01
-6.565429510305875738e-01
2.088304061377584731e+00
1.940709603999039246e+01
1.770437390909592068e+00
8.223623634355135437e+00
-5.108672536418453092e+00
-2.157471107558649237e+00
5.993283700215215504e+00
3.464605472800485586e+00
-8.551525670412502222e+00
1.515753613605738792e+01
4.439508187798764993e+00
-8.469891102696692542e+00
5.540685756284347008e+00
3.700823286256763822e+00
-1.946096897049346808e+01
1.121972171728839385e+01
-1.458317602136094138e+01
-7.513558375872435136e+00
1.777473187133136889e+01
-4.156367987052362878e-01
-1.405912254261693306e+00
1.974016663370684910e+01
1.146609078938672610e+01
-4.476827734188191243e+00
6.198099906866445963e+00
1.852330449326882444e+01
2.471841143127358009e+01
1.455826602806473602e+01
4.239905773080408835e+00
1.752062577040805991e+01
1.031155296886890937e+01
4.070079034401715035e+00
-3.966274247608453152e+00
-1.759161132707913566e+01
-3.106057860612281729e+01
8.889894176294092176e+00
-1.944035414484187640e+01
2.239236311953391123e+00
2.239718790234655899e+01
8.607030532434237102e+00
-1.522399201976577388e+01
-4.954211702000520745e+00
2.535896592762628643e+01
4.011684590105551251e+01
2.765255338938550267e+01
1.233562585814615886e+01
9.727715094178620348e+00
2.738084886027036191e+01
1.485539141145818576e+01
-8.394832138398669485e+00
5.191213110383614548e-01
-1.900261150689175338e+01
5.616865464614875236e+00
-9.778916145851781039e+00
-1.514821132605220555e+01
-6.198560701162932673e+00
1.397711856440218980e+01
3.099050120290485211e+00
5.230571516465715831e+00
-1.618729460818804000e+01
-3.699662130713659280e+01
8.126890094218197191e+00
-8.826993459842015000e+00
-1.536455029323724375e+01
-1.558820427656064567e+01
-1.113737911066436936e+00
-2.579937811684703775e+01
-1.117322979025175300e+01
-3.041816835827057730e+01
-3.373508748891981668e+01
1.628833016733324257e+01
-8.422112853943417576e+00
1.800226762762986255e+01
-2.242797184412665956e+00
-1.548678040259301270e+01
-2.939220654961945911e+01
-6.018077593009365955e+00
-2.402186516336678324e+01
-9.050427244418642658e+00
3.039473121930768684e+00
-7.562389657886797067e+00
1.188000198893541892e+01
-2.794514460946129475e+01
-3.263197070699334290e+00
1.867321639836518443e+00
2.037085083366628169e+01
3.754532433989652418e+01
3.609001354852216537e+01
7.645476188338307111e+00
1.673452994168064834e+01
5.095964691543986191e+01
-1.598473601756677454e+01
1.355041205689030903e+01
-5.260600256247471407e+00
2.497661165108365822e+01
2.078036629961752624e+01
-1.107742976464578533e+00
1.382579705615171406e+01
-3.628745707825601130e+00
4.228344752987595712e+00
1.875635536136542214e+00
-1.294155816102374956e+01
6.308661534963903250e+00
1.544078528712816478e+00
2.767838132183669586e+01
9.104521678681976482e+00
1.233546917035346269e+01
-3.000678935176438245e+00
-5.746496799417400325e+00
-3.945309482893662789e+00
1.112650227370750144e+01
-6.650739451964000182e+00
-7.545909355058029178e+00
-1.930425731922423438e+01
4.174088558417315653e+01
4.895911140256930594e+01
1.105986237905972303e+01
1.878331059954552984e+01
3.689219196600788564e+00
1.127254427593652508e+01
-1.852537480356932065e+01
1.052718858413072667e+01
1.938311658834800255e+01
1.054028458444599892e+01
-9.817557098176621366e-02
-4.332034497092536185e-01
-1.781909668315483941e+01
1.311047374346935612e+01
5.227525013503964146e+00
7.941247274926809041e+00
1.964607426948805369e+01
2.407672874368790872e+01
1.178339048150155577e+01
4.651571284190595179e+01
2.298845600356617069e+01
7.602435642395130344e+01
3.024992198029808605e+02
4.563222504863665563e+02
4.612924536347200046e+02
3.724098969084484452e+02
2.270510709755440075e+02
1.431875991069987322e+02
9.704149334720159459e+01
1.965624827750707482e+01
2.401818924507233532e+01
-5.198724494311591116e+00
-4.051687650697886056e+01
-5.680296582084974943e+01
-6.037303164187324001e+01
-9.783474070385545929e+01
-9.020595834769665089e+01
-1.269678913344314424e+02
-1.318304838751282659e+02
-1.081170501235496886e+02
-1.143820227887608780e+02
-1.149302552036538145e+02
-9.422561455407094400e+01
-1.279790321455943740e+02
-1.499796406789591856e+02
-1.287944826454040594e+02
-1.376407683722204638e+02
-1.352155471414193926e+02
-1.284244663083454725e+02
-7.450982758280724738e+01
-1.239782113511014359e+02
-1.223571360149403517e+02
-1.276558849658786130e+02
-1.216416809355546320e+02
-9.878438591243457267e+01
-1.087343876633549371e+02
-8.703224060859884048e+01
-7.034608682023372239e+01
-8.203924676692940920e+01
-5.189748017031752170e+01
-5.313519177535636118e+01
-5.889498207090991855e+01
-3.376170736478570689e+01
-3.472329036335531782e+01
-3.213296738371491301e+01
-4.721851801173761487e+01
-5.982122392959399804e+01
-3.878719128802049454e+01
5.377954482036102490e+01
1.955137775238090398e+02
3.316657813642191286e+02
4.117120876400144880e+02
3.599486533488275199e+02
3.189380711258941119e+02
2.505462801861845037e+02
1.945474295557146434e+02
1.103134879563613140e+02
5.239014852810532830e+01
2.403525146168703941e+00
-2.167612798559093790e+01
-2.566858965067467580e+01
-7.115515204705297947e+01
-6.198996406546439175e+01
-7.725466930979882818e+01
-1.201408467419641966e+02
-9.520306510744012485e+01
-1.214656123735412621e+02
-1.415786327318010080e+02
-1.234045231650015921e+02
-1.080442465742598870e+02
-8.891272001078414178e+01
-8.291072568892286654e+01
-9.540292065594258020e+01
-8.642446195395859831e+01
-1.037339664226087734e+02
-1.118295743936305371e+02
-1.022571899679592207e+02
-1.011056201141673228e+02
-1.048456716969635636e+02
-1.219215049739132155e+02
-1.109065977687182567e+02
-1.181307902118405764e+02
-1.252705996040858736e+02
-9.846336321756189136e+01
-1.225316776449294593e+02
-1.006519239731615016e+02
-6.692770131973520620e+01
-7.276107099126602407e+01
-7.930833574016514831e+01
-7.437511393078875699e+01
-8.499669498655703137e+01
-6.039894519219433278e+01
-6.693529853319114409e+01
1.412448150762838850e+01
1.568075216107190499e+02
2.464508552497859455e+02
3.205937476956692080e+02
3.783411820995347625e+02
3.218891760871952101e+02
2.908763175394187783e+02
2.359562229599159764e+02
2.332101438230756685e+02
1.926070358068891437e+02
1.371160528726268240e+02
1.142984658733089418e+02
7.110956301403530233e+01
1.877372449275208055e+01
-1.023368304133600759e+01
-2.942863370617806140e+01
-4.256382553920639111e+01
-6.607618372122942674e+01
-6.964624870399347856e+01
-7.106914151743194452e+01
-1.146247114339926156e+02
-9.654782564826609814e+01
-8.671412470456516530e+01
-1.312779334162341911e+02
-9.281154171333037084e+01
-1.129681359227097346e+02
-1.047391391278529227e+02
-9.825483852481238500e+01
-9.865934711445697758e+01
-1.136099252476324182e+02
-1.042666326777111863e+02
-1.224901077523272761e+02
-1.126635428660606522e+02
-7.727600160995370970e+01
-1.172852191565884823e+02
-8.891570911933058596e+01
-8.850904916902891273e+01
-6.192122882873263734e+01
-6.695606010766687177e+01
-6.054922008920357257e+01
-6.152593420662060453e+01
-4.789731611604656791e+01
-4.362919717366366967e+00
2.361733413925685454e+01
8.608768512746109991e+01
1.222632388888359856e+02
1.717074220848276127e+02
2.278600402091433352e+02
2.389784369000417428e+02
2.307299646048359136e+02
2.716471238821231964e+02
2.601960854316002951e+02
2.468363332045373681e+02
2.234800308564699662e+02
1.962061461177850106e+02
1.797067346100866416e+02
1.402055943243262845e+02
1.141480580508659841e+02
1.003751280802052861e+02
1.056861076013174170e+02
8.138388320087960892e+01
3.612468524105270262e+01
1.501903352183171592e+01
-1.252934754972693554e+01
6.143285611796272860e+00
-4.129487235341957785e+01
-3.702513382130427999e+01
-2.703155499101512760e+01
-4.046653401571666109e+01
-3.485436158396987594e+01
-2.868496875531354817e+01
-4.288056476607334844e+01
-4.622372138726541380e+01
-4.492209559343791625e+01
-6.454459925481205573e+01
-5.186814910794555544e+01
-4.441610990306344320e+01
-5.475034033451265714e+01
-5.890480715001194767e+01
-5.859003301871280200e+01
-6.077257440279481671e+01
-5.500187736582802245e+01
-9.184294182556322994e+01
-8.940975076213044304e+01
-6.916401960653365677e+01
-6.066229640770552578e+01
-7.638820007451749916e+01
-8.477802737506590347e+01
-5.619594832758639313e+01
-7.394431525690015405e+01
-3.617097826034432728e+01
-3.908439743601229566e+01
-5.882561316421197262e+01
-2.882807104553921818e+01
-1.827736255907757368e+01
-3.658680932582865353e+01
-1.369667833719131522e+01
-9.510970751072818530e+00
-2.429616273413193994e+01
9.069868563151430862e-01
2.329102733981471829e+00
4.350948501348739228e+00
2.416218504341122753e+01
3.807903888068904052e+01
5.613570773859646579e+01
6.861199219590935172e+01
7.257281682744041973e+01
9.104571703130613969e+01
1.007322475816977203e+02
8.961667767307289978e+01
1.238614479644570565e+02
1.035833666675657696e+02
1.185022856778377900e+02
1.341281087260481399e+02
1.170772325930429361e+02
8.918201070314171375e+01
1.070064188015066975e+02
1.304718359191720083e+02
1.357804671776852956e+02
1.248208069800775775e+02
1.299484013333603798e+02
1.100144001595090231e+02
1.438660280075268929e+02
1.101893152231255044e+02
1.036667108164392630e+02
1.302781478009883358e+02
1.202830469118634937e+02
8.860286526657000650e+01
1.323797539252605020e+02
7.460407331846590751e+01
8.827638069586191705e+01
1.102179867859081241e+02
4.396544785077776396e+01
6.018016323702886439e+01
5.356787777791623739e+01
5.686699762161833860e+01
6.002520098094919376e+01
5.716580284162319003e+01
5.063192148839743822e+01
5.280495342337508191e+01
5.926003357305671670e+01
4.385317504872955396e+01
4.572488452749985299e+01
2.382881395042795702e+01
3.396910190926519135e+01
2.924830877614203928e+01
1.585415410397081359e+01
-1.809328558364040873e+01
-4.122072266410668817e+00
3.129379485079607548e+01
-1.189211109837287950e+00
-4.073190207949210162e+00
-6.271675610169040738e-01
-3.360152887846197700e+00
-4.447569798464928681e+01
-4.295667346897334937e+01
-2.821113825196380276e+01
-2.036780757358883420e+00
-2.055273149388494858e+01
-5.552192629918681632e+01
-2.268722384484181021e+01
-1.518342969018931399e+01
-4.455502834696335412e+01
-5.077325273106180248e+01
-2.786122417702245002e+01
-1.144541339119314216e+01
-2.805459924236174629e+01
-2.131171335060025740e+01
-4.014149239472044428e+01
-1.738995936654191610e+01
-2.513523711603011179e+01
-2.581507932116983284e+01
-2.141779811287506163e+00
1.166185156996471051e+01
3.556754274228296708e+00
9.495052086922441958e+00
-2.575818437721864029e-01
4.199422540032492179e+01
3.150585010914210216e+01
3.641075786897090438e+00
-4.353161294454821473e+00
1.955837889338090463e+01
1.595817878635216402e+01
3.372005324618339728e+01
-7.846037237768541672e-01
3.472436505080531788e+01
1.040866780128408209e+01
-1.105097527503403398e+00
3.379904120777200660e+01
8.075559153572157811e+00
8.345261674057383061e+00
2.984677196020675183e+01
2.832492039092858249e+01
2.513850360082869884e+01
2.540089924320727732e+01
1.038784750678723867e+01
1.755431818430224666e+01
3.184668126145879796e-01
1.671915821135144142e+01
1.784364299386743369e+01
4.461447948596742208e+00
1.554605213746117442e+01
-1.812398033655426843e+00
3.928062807534024614e+01
7.255774653208391101e-01
2.395425689580179096e+01
2.785243135321888985e+01
2.081458870431652031e+01
-5.614079417600351007e+00
3.920925058595139490e+01
2.534683699822835479e+01
2.548663649543505016e+01
4.695069325859003584e+01
1.297697915940989333e+01
3.777787870381689572e+01
4.177637400464436723e+01
3.900441362235869747e+01
5.673588342290895525e+01
5.802063061520311749e+01
7.391419213684730494e+01
6.402768715625279583e+01
4.153508214048451919e+01
4.370098658226470434e+01
5.016371519334870754e+01
3.506934790969353344e+01
4.526759964700158889e+01
3.507670717741257249e+01
4.861290546795316914e+01
3.839145422525916729e+01
1.216919119466683696e+01
-1.217720405886257140e+01
5.822521915188190178e+00
3.210864905283506232e+01
-7.360713928102541104e+00
1.917741161807725803e+01
2.767789275992254261e+01
2.083303878818105659e+01
1.677535784491283266e+00
-1.175375351910497557e+01
-1.878429684111688402e+01
1.047451210071631067e+01
1.646248104089499975e+01
6.050574021069132868e+01
8.071762288440368138e+00
-1.234789261610421818e+01
-6.505673777882293507e+00
-1.858314919652138997e+01
-3.208651765960439661e+01
-3.011981143293678542e+01
-2.034322052310471918e+01
-4.625962782467468060e+00
-3.220465107943573457e+01
1.101271479707520484e+00
1.529178248443258781e+00
2.498245964014222409e+01
1.005782751320293755e+01
-1.507241259772536068e+01
8.562334458661553072e+00
1.595780937859308324e+01
1.311032511402299860e+01
3.051298999161599568e+01
1.802935579330596738e+01
-1.988399832787399646e+01
-3.737864375827302865e+01
-3.850441012004421282e+01
-3.259470612169388914e+01
-3.193310894858586835e+01
-3.013256665693688774e+01
-3.462016096822253530e+01
-1.547418308060787240e+01
-3.426688380327095729e+01
-4.290891754331551056e+01
-4.909135722496512244e+01
-4.125276460712893822e+01
-3.755089802680777211e+01
-4.168584422086905761e+01
-2.243053190273576547e+01
-3.045122914803960157e+01
-2.339800001861522105e+01
-3.836066985372781346e+01
-4.903617040008111871e+01
-6.036736187213000449e+01
-8.488486297877716424e+01
-5.161105705299223700e+01
-2.783484924048661924e+01
-3.332354899146866956e+01
-4.170628942787789128e+01
-2.092977023623507193e+01
-5.039361666117838467e+01
-4.773266613890382359e+01
-5.842266654195509545e+01
-2.528911219928613718e+01
-1.140698092282673315e+01
-1.549817777933367324e+01
-1.063781582704723405e+01
-3.734379298137810110e+00
-8.328340056141314562e-01
-4.474539474200355471e+00
1.991228862587377080e+00
-3.036664377638771839e+01
-1.350474080451567715e+01
4.004683396395193995e+00
5.074998043915002199e+00
-2.168954623718718722e+01
-2.825297316489468358e+01
-3.379535727379698073e+01
-3.185755461335065775e+01
-2.731537512511113164e+01
-2.744505654324439092e+01
-1.603437994809519296e+01
-3.634838794406641682e+01
-1.015471482881184784e+01
3.520109708033487550e-01
-3.090896610335721562e+01
-4.447117320662937345e+01
-3.426689351580762377e+01
-5.096511554725339010e+01
-3.457118389152128657e+01
-2.189061095663555534e+01
-3.515269796066240815e+01
-5.652114172491519639e+01
-3.556905609471004936e+01
-2.204916364644395799e+01
-2.438416868024569339e+01
-2.206571527479127326e+01
-1.358947537154836027e+01
2.740556004122936429e+00
-1.737212392300307329e+01
-2.264486586756584074e+01
-4.311187066902175502e+01
-2.226574986437253756e+01
-3.628458119749029720e+01
-2.676135377725222497e+01
-2.056896212970514171e+01
6.241419770043648896e+00
-1.107541247530207329e+00
-2.142941636286013818e+01
-3.203470428075888776e+01
-3.167852161323526161e+01
-1.206037924171232589e+01
-2.745102692137061240e+01
-4.359131305810024060e+00
-7.617112792186162551e-01
-6.915290025721787970e+00
7.494757721646692517e+00
-2.213293378861317251e+01
-1.568335043754359504e+00
-1.865408840220379716e+01
-4.262922244246510672e+00
-7.437694775842828676e+00
-4.403121632120928552e+00
1.731486513999789167e+01
8.672339300654130057e+00
9.858495880848295201e+00
-1.827319472002500333e+01
1.087900256943612476e+00
7.772119645739621774e+00
1.807181808901532349e+01
1.409300548284545584e+01
2.794943210472274586e+01
8.335302627297096478e-01
3.328409275884268936e+01
3.041781711657131382e+01
3.339214417185075945e+01
-4.388915495368564734e+00
-3.143954482627577818e+00
-1.193776124589021492e+00
-1.295809687331393434e+01
5.611897374285490514e+00
-1.255675846512076532e+01
-1.701233631900731780e+01
1.569219463567287676e+01
2.008760934907923001e+01
2.271051010638666412e+01
2.807428608685586369e+01
4.037330388215787025e+01
4.112356261133982116e+01
5.691389439245267567e+01
3.053436870652694779e+01
1.959364346158508852e+00
-2.300113580608922348e+00
-1.595360809194517060e+00
7.020571252761328651e+00
1.127596577882559359e+01
-6.328447098035212548e-01
-7.365612892797344102e+00
1.063081351960227039e+01
8.995639973629749875e+00
-1.701253915159350072e+01
-7.011184135764779057e+00
-1.541098496038239318e+01
2.544315626065599645e+01
3.076463863038225099e+01
2.000473537544303326e+01
2.087736228232233771e+01
1.583830998333769458e+01
-1.025936462943263905e+00
-1.979461194664509094e+00
-2.849935870351055200e+01
-1.565096651105568526e+01
6.922383391331550229e+00
7.968264887310851918e+00
-3.316794456973229899e+01
-2.183108444001800308e+01
-2.438525455425406108e+01
-2.481252896025716836e+01
-3.693615678889864284e+01
6.207035632073257148e+00
-2.811803139208677749e+00
1.248186160599971117e+01
-1.440047695304610897e+01
8.461549017973538866e+00
-2.065418587613430645e+01
-1.704289443880452382e+01
-2.668045769583568472e+01
-1.689355765522077490e+01
2.788291799733087828e+00
7.364351111642463366e+00
-2.215000679431796016e+01
-3.008409960339122335e+01
-2.033966190401224594e+01
-5.867518865946749429e+00
-1.480011195216138731e+01
-1.357323062469140496e+01
1.731770216083987179e+01
-2.208096731022260428e+01
4.369816002842708258e+01
2.494318704622810401e+01
-4.040988155991863096e+01
-1.905012128881753597e+01
3.310108688462969440e+01
3.365481686605107825e+00
2.604529218758852949e+01
-7.829827215186924150e-01
2.146171830030971250e+01
4.332839831485489412e+01
3.669528187602190883e+01
-2.910831447391956317e+00
-1.059730501918329537e+01
8.416058434608657990e+00
3.478716152401511863e+01
1.621006757933946574e+01
1.373355985040234373e+01
3.492212316067889333e+01
-2.560225044655908277e+00
1.193174005095761459e+01
3.815695215716914390e+01
-2.159393084289149556e-01
-1.159846476803340920e+01
1.111992258241116360e+01
5.410349526408936072e+00
1.730910386212735830e+01
2.009541509167502227e+01
6.452733734368393925e+00
4.571685842158785817e+00
7.045251997536979616e+00
-1.035221873906084511e+01
-1.753224772654357366e+01
3.626450231970875393e+01
4.083910087498452413e+01
2.825087447714213340e+01
2.182418539605669139e+01
1.045509633752726586e+01
5.520704322121673613e+00
9.537974796847265679e+00
-2.419377948296823888e+01
1.794195573992055870e+01
3.159638957967490569e+01
1.869965426640919759e+01
6.674546057432053203e+00
1.215325306527620342e+01
-4.705923393226385087e+00
-2.121177886085251885e+01
2.599877568292686192e+01
1.270581729443119912e+01
1.654539217784258653e+01
8.846618115024284634e+00
1.929074397960039278e+01
3.545899473406143443e+01
6.202780407269983698e+00
-5.783402659682906233e+00
-1.080911863888650259e+01
-6.740530269206828962e+00
2.472883427592887529e+01
1.092323565076003433e+01
4.260176800053159241e+00
-6.057207045711493265e+00
1.259006593002959562e+01
-1.803955099476161195e+01
-1.950152895429664568e+01
7.454480609202619235e+00
6.291906693079454271e+00
2.805979065599012756e+01
3.346525449972114075e+01
-3.662168863070746738e+00
-7.145355641555397597e-01
-2.044654081733369821e+00
-6.733912746891292045e+00
-7.041386238021914323e+00
3.354044218587614523e+01
2.839306453941071595e+01
2.440454387340332687e+01
-3.445099700260925601e+00
2.689140342699465691e+01
1.045122938572740168e+01
4.856742674164706841e-01
1.494528733282095345e+01
3.305282329384590412e+01
2.590764024431291546e+01
3.247094182857154010e+01
4.154601334567450976e+01
3.178564020160729342e+01
3.695242020507794223e+01
8.416361470763604302e+00
9.359161356825097755e+00
2.640040608929211885e+00
2.121644748401286051e+01
2.564942321879152587e+01
3.220939299255451260e+01
2.868784270134574399e+01
-6.282253159417905408e+00
1.816795928093461043e+01
1.505269335244838658e+01
4.068969031737060504e+01
2.989812812531727104e+01
1.459041090347955105e+01
2.756037151758346226e+01
1.616385868787665459e+01
-6.540755290452580084e+00
-7.265179526487827388e+00
-1.075153852971880042e+01
6.189123966047191061e+00
2.697654940091661047e+01
2.044447185459284810e+01
1.099266388463001931e+01
-1.558421217565910410e+01
4.935819442851425265e+00
1.835167674989406805e+01
-1.057082811954887802e+01
-1.966291820031392490e+01
4.152053704754052887e+00
3.308357220913012497e+01
1.920632419707453664e+01
1.738667480159392653e+01
1.300747583739894253e+01
1.047983928548956101e+01
-1.488861400923997280e+01
-1.795888782413703666e+01
-2.841028409257341991e+01
-1.305295677411641009e+01
9.102834806636565190e+00
-1.143279282734692970e+01
-3.202734622627303906e+00
-1.916624451570805832e+01
-1.886362341809399368e+01
-1.983374292370126568e+01
-9.851556653742591152e+00
-2.003916993849861683e+01
-1.900440503403297043e+01
-1.818148586173265358e+00
-1.185329127318482278e+01
-1.940466600838908562e+01
-3.190795648868061107e+00
-1.298242128800984574e+01
-1.621509079895804462e+01
-3.678143052813993563e+01
1.744419830561446361e+01
2.649775389768365130e-01
-2.665114204374003748e+01
-1.321293021389783462e+01
-1.051630970202722892e+01
-1.562683790685241547e+01
-2.583552432541455346e+01
-8.437691496100342192e+00
-2.960736099393034237e+01
6.940967756562713475e+00
1.719014440936462051e+00
-8.560230927327665995e+00
-2.539581204775868173e+01
-1.071419830298964371e+00
-3.679148912638993352e+00
-2.040451702259770173e+01
-2.188102284607793990e+00
-5.453500612654806901e+00
-1.291333272904512341e+01
-2.089794508093882541e+01
1.861043092079398775e+00
8.913507451661644154e-01
-1.955299942516967349e+01
7.084966086641998118e+00
-1.847139287704521848e+00
3.609937357203307329e+00
5.513125294722613035e+00
5.164821367135573382e+00
-5.872371304242278711e+00
-1.904261426264565671e+01
-1.991156050834706548e+01
-1.840285735807856327e+01
2.266541765811780351e-02
-1.516652876224952706e+01
-2.313447946948326717e+01
-4.192432280116008769e+00
-1.257770045440884132e+01
-2.711863012556113972e+01
-4.878872414126544754e+01
-4.040675316083843427e+01
-2.490141642757680529e+01
-2.779859641702387307e+01
-2.260993120154989811e+01
1.021228923463968385e+01
6.776423784432608954e+00
-1.767594211894902401e+00
-4.837316563236572620e+01
-6.857933087528681426e+01
-4.246859618768530709e+01
-4.823453978988072777e+01
4.468666102065981249e-01
-3.415386727441727999e+00
1.759595823050403851e+00
-2.691282496879375685e+01
7.520816913671751536e+00
-1.926107045880689839e+01
-4.174978378611740482e+01
-8.973346904647769406e+00
2.987041527208111802e+01
1.683652314650134940e+01
-2.768288610973286268e-01
-1.355698774634447545e+01
-1.579949790375030716e+01
4.763414717400792142e+00
-2.316506966906990783e+01
-2.736927805787763646e+01
-2.488219102561970431e+01
1.376237328619026812e+00
8.096864857719083375e+00
9.467562110824928823e+00
5.183888438577923807e-01
-2.141900248985211874e+01
-2.417879775391156727e+00
6.350942425675839331e+00
2.555499213597067865e+01
4.166834968927605587e+01
-8.498527314050079440e+00
-7.020175906899567053e+00
1.865093805090054957e+00
2.871774506351130185e+01
1.285257912588349427e+00
1.374409334817573836e+01
1.367834508891519363e+00
1.272542249910202372e+00
1.032534201638054583e+01
-3.988459425596829533e+00
5.130661375520048750e+00
-1.934713701466262137e+01
-6.961339772607516352e+00
8.054440991388219118e+00
8.054749466865814611e+00
3.750901646963529856e+01
1.233477168671652180e+01
1.467829827098421447e+01
5.765712596449702687e+00
-3.260721855980591499e+00
-1.205552399729094759e+01
-3.421373826754461334e+00
-3.127130878753177967e+00
1.184600330320972716e+01
-4.070417422435184562e+00
1.733269692997873790e+01
2.425459283669488286e+01
-1.468367120794027869e+00
-8.961212224144219363e+00
-1.472545721756750936e+01
-6.388200189874623902e+00
1.024678547180110399e+01
2.005167163489704762e+01
2.778246186782644145e+01
4.496379517299828876e-01
-3.690208862891722674e+00
1.386362733643591127e+01
-3.201137618895654668e+01
-1.214042540600576103e+01
7.726157186862110393e-01
9.085068192965991329e+00
-5.820600163985545805e+00
-2.349484910673709237e+00
3.038385522398584726e+00
2.061645806235901546e+01
-1.011021142629988390e+01
3.022629411466368765e-01
-6.920331335194987332e+00
-4.206453688192596019e+00
1.317742717585406353e+01
3.557161696763159853e+00
6.064621338175584242e+00
-3.318768179881999458e+01
5.534054120043947478e+00
-1.043274891260216464e+01
-4.135872769953493844e+00
-3.200586731529256213e+00
2.787148878378593508e+01
1.341645696788600617e+01
1.254083817525315681e+01
1.348376041876144882e+01
1.945182190097784769e+01
9.853697657966677070e+00
1.086953792775148031e+01
7.399031091892084078e+00
3.103406964373516530e+01
2.554807021985106985e+01
-8.046822520902878750e+00
1.386039225189597346e+01
1.812806314728823054e+01
1.174532625547817588e+01
-9.133340791988757701e+00
-6.267719457778184733e-01
2.474373557835133397e+01
1.969664200654597153e+01
2.212990552776727782e+01
4.029264034384596016e+00
6.918109827668558864e+00
-2.048577982082861126e+00
2.413396959481360682e+00
2.048678118701946005e+01
2.183990712357626762e+01
1.289045354246400166e+01
2.929956404908080003e+01
2.040165138898510122e+01
2.042395310502070060e+01
4.996361448287188978e+00
1.861694047452601808e+01
6.226295385106368485e+00
1.009471096791730815e+01
2.078523754872094287e+00
4.526583804886286089e+00
1.353551614442085338e+01
2.820135752752321423e+01
-4.853171650986041641e+00
6.674140615614760463e+00
9.853207850018861791e+00
-2.125980047855546218e+01
2.417911281787564803e+01
3.233823820811267069e+01
9.982505224929809629e-01
6.839040737443156104e+00
3.983887320077883487e-01
5.481224713947085547e+00
-2.935514031601587703e+01
-2.712600931934503024e+01
-2.774160162776661309e+01
4.460335711679817905e+00
-4.778978640826608171e+00
2.937927250828079195e+01
1.840499929019188130e+01
2.276871060567054883e+01
8.131102603251292749e+00
-1.870492651449239929e+00
2.327787292870107194e+01
7.455070944791714282e+00
3.320305397660376912e+01
1.127103317157207130e+01
2.721219919385475805e+00
-1.746204186298200511e+00
-1.612914663069523158e+01
1.382003257934820795e+01
-1.206314655081496312e+01
-5.767069200381229166e+00
-1.514589608734786452e+01
-4.498966950789963448e+00
-2.298108788422769067e+01
-8.898204757573694224e+00
-1.676603319424930305e+01
-2.291036412613266293e+00
5.301779522351807827e+00
-4.503793831871917064e+00
2.627134805739478907e+01
1.560883617271656476e+01
1.176770572087480105e+01
6.150533518080010253e-01
-2.354341228933708408e+01
-7.066800398849409248e+00
-1.557770547183281451e+01
-3.427909973909845576e+01
-4.483294562105402292e+01
-1.916435369968803570e+01
-2.251636020107525837e+01
-3.315557039731584155e+01
-8.089959391098091146e+00
-8.624359158577590279e+00
-2.310506599459495192e+01
1.951586338849756430e+01
-1.344334393458939303e+01
-4.331864401500297390e+00
1.288340213516630683e+01
-1.814066910907649799e+01
-9.134693354005776200e+00
4.663131138817334431e+00
-3.066309497975589693e+01
-1.421093009325295498e+01
5.314286690507742605e+00
-1.418212487502887598e+01
-3.357197138905121392e+00
-6.431411770542126760e+00
-1.623204535419836247e+01
-3.814362015531924044e+01
-3.505291442623274634e+01
-6.933952281437996135e-01
-3.226737336927089927e+01
-5.181071108740979980e+00
1.367900785660367546e+00
-1.060611417617110419e+01
7.952684641713858582e-01
-5.614827820576783779e+01
-1.939963510510779088e+01
-2.862727438245519807e+01
4.536625071063554060e+00
-1.907728126174288263e+01
-1.234480548560986790e+01
3.279496428983884471e+01
-4.516495700411815051e+01
-1.169697232742828419e+01
-3.168051527763645936e+01
4.650983452746004332e+00
-3.238718887715413075e+01
-1.491251142865075963e+01
1.610395714402784506e+01
4.289099968215850822e+00
-3.235500765231336118e-02
-1.768268997992436198e+00
-1.193873075946839890e+01
-1.048905974524950580e+01
-3.775388378517300225e+01
-2.359546548040725611e+00
6.459521818807843374e+00
2.467744939330395937e+01
6.273717935487638897e+00
1.861256909443045515e+01
1.273218946735141799e+00
1.466906194605826386e+01
-5.287338717565489787e+00
1.632283518548047141e+01
2.590224972424675798e+01
-1.968005995971861921e+01
2.248621779973245793e+01
-1.186269579197778512e+01
-1.582482878308428553e+01
-2.034386581449780351e+00
-9.475984933250856557e+00
2.336871693973080255e+00
2.430486058626274826e+01
-1.467700909113364105e+01
1.926819963674597602e+01
1.741732605334254913e+01
-2.300123205467707521e+01
-3.326754979654924682e+01
-3.659987685047462946e+01
-1.699351871771477818e+01
5.563052204521227395e+00
2.541052200864169208e+01
2.866923484454537174e+01
8.230704056777085498e+00
2.137992587649023335e+00
-1.890318312265753775e+01
5.490265775648822455e+00
-8.090408317993933451e-01
1.381998487734290393e+01
1.575904788323441608e+01
3.476562044941192653e+01
2.566178697841678513e+01
-1.060847086689318530e+01
-1.683890530062944890e+01
-3.647817019656486082e+00
-1.514846907611718052e+01
5.053411173480071739e+00
1.005134491202124991e+01
2.691139616101418142e+01
3.516454585581004721e+01
2.628549180830077603e+01
2.890704813738466328e+00
-7.380816207611587743e+00
-1.725383778069044638e+00
-1.722607570996842696e+00
1.994560067773818446e+01
4.349123894166496029e+00
1.529767810743260270e+01
1.179099663840906942e+01
5.556259266623783333e+00
7.199977621726702637e+00
4.800889989193365182e+00
4.484838474323169066e+00
3.094731252764495366e+01
2.351699364314663399e+01
2.266679356120766897e+01
1.567388380424927163e+01
2.716387375238264212e+01
-8.735767172572650452e+00
-6.485151983696141542e+00
-1.262732594798717400e+01
-2.612083665426325751e-01
2.297508366598458451e+01
2.905900743802385477e+01
1.203913066821132816e+01
2.310970215689030738e+01
-2.691639933343140001e+00
-1.378059290743431120e+01
-3.264445318983780453e+01
-1.535220061923700996e+01
-6.492458429508587869e+00
-1.451529339637318117e+01
1.504797943285575457e+01
2.312985092237568097e+01
1.449479786194433473e+01
4.864187808452697936e+00
-1.653029289554024217e+01
-2.470021815581640112e+01
-1.621174343443544785e+01
1.150072952061691467e+01
-1.038815565063941904e+01
1.508791893726538547e+01
-7.574165062348583888e+00
-1.390508732010539461e+01
2.001690708902606275e+01
1.555701490702085721e+01
-2.121143646370819624e+01
2.998222524361290198e+01
5.694895029589588376e+00
4.675367871504477080e+00
1.747036563445817592e+01
4.250686585303355969e+00
-1.979741167656356993e+01
6.062710423627322598e+00
1.799826906202679311e+01
-1.524761042025875213e+01
4.931526076529735292e-01
-8.182092021493190259e-01
5.839818552109591110e+00
5.147384294802122895e+00
-2.343114425614385254e+01
-4.006569157691592409e+01
1.372275472914361671e+01
-4.848107104975952097e+00
8.806370475781477580e-01
9.295583135333345126e+00
-9.152657035189349699e+00
5.424221941459109075e+00
-5.762551708764931391e+00
-7.646533711767460773e+00
-1.799930086696895160e+01
-1.459294978451816860e+01
3.950162469982842595e+00
4.024296724010582693e+00
-2.360315869789337739e+01
-4.082865950195810001e+00
-9.728442023382285697e+00
-4.748129120551311644e+00
-1.230409803552629455e+01
-1.042586776001235194e+01
7.579115683349755273e+00
2.973971089933456824e+00
1.945174976288853941e+00
3.861531236539576639e+00
-6.435932293334644783e+00
-6.974221790372666874e+00
-1.115684329620125936e+01
3.561970399821802857e+01
-2.638001202249142807e-01
1.733386129126620290e+01
1.604466106067684450e+01
1.402547638545820519e+01
1.339917344942841737e+01
2.337534315359334869e+00
-1.714586274598332238e+00
2.815633106992436296e+01
1.560856333943047503e+01
2.115645834496945099e+01
1.676350782767940473e+01
1.570994926013145232e+01
-3.100626972461031983e+01
6.760289382135852065e+00
-1.681465584369379940e+01
-6.084068154731539835e+00
1.610126229504658113e+01
1.881906802957200853e+01
1.985695852701292097e+01
-1.968850912937523390e+01
-1.103641185862670682e+00
-9.824166509623864840e+00
6.716423527244842262e+00
-1.205379269267041309e+01
-1.103225603250484710e+01
-1.430961007013911512e+01
-1.800803678049260270e+01
-7.535236201733823691e+00
9.367702410337642505e+00
-2.111171766605366429e+00
-2.233289386936939991e+01
-1.895746095241747753e+01
-1.679871552554186565e+01
-9.640013974948942632e+00
-2.588429316795327395e+01
1.392750108664085928e+01
-5.049497656235871546e+00
-1.160112515447099213e+01
-2.040747486768259478e+01
2.393965077330904023e-01
-1.647432844412242048e+01
2.110591356915847427e+00
5.198906845959754719e+00
-3.206619348800359148e+00
-1.369497724101483982e+01
1.863837141048725243e+01
-1.347327791927318685e+01
1.136598004369625414e+01
-2.199457791002714657e-01
2.044740721674315864e+01
-7.826107729629256937e-01
1.780675988613074878e+01
-5.318397873499634443e+00
4.600827339907482383e+00
4.463360259440378286e+00
-1.293071850075193652e+01
-3.734341696669025623e+01
1.286446977203286224e+01
1.264297970572988561e+01
4.078069950901408447e-02
1.433097273528528603e+01
7.940335580704868335e+00
1.499208100438909241e+01
1.651456429678046334e+01
4.072842379753183195e+00
-5.722291264951309131e+00
-5.709297302851609857e+00
1.857880994915831252e+01
5.807179118841304444e+00
2.156587298406066111e+00
-1.880314655827487513e+01
-1.408869146091046787e+01
1.126283787212332754e+01
1.799425441641551515e+01
-2.368120083810936194e+00
-4.743579538300309650e+00
1.978851968274966566e+01
-1.216432625996276329e+00
2.847998469565663981e+01
-2.183302956528223149e+00
1.472369357493334974e-01
1.056205402891146150e+01
9.869298717235324148e+00
-8.246257606970175402e-03
3.010701819865789730e+01
4.537778591291953489e+00
2.190053279880885384e+00
1.532554364035740946e+01
-1.033700255115309119e+01
-3.478363679205813241e+00
2.681181467771784810e+01
1.807455399047239553e+01
-5.695284840705880924e+00
3.084187881330308301e+01
-2.362280084340045505e+01
7.359401434496248839e-02
7.252871789969503880e+00
-1.625429883941706066e+00
7.979642424452777050e+00
1.502594697445601923e+01
-2.441413508017376444e+00
-6.403815575260068726e+00
2.872153967999247470e+01
-2.416538361292123227e+01
2.872760656965874659e+01
9.231415669899433851e+00
-7.457205451359641302e+00
-3.627228833371646033e+00
-4.134760496773469640e+01
-4.906259748745014804e+00
-7.013567586172484880e+00
-1.154555302622429735e+01
-1.627959141463497872e+01
6.048831528732534935e+00
-3.052275889990642099e+01
-3.435953951862757094e+00
-9.029603129133192851e+00
4.587765017241963506e+00
-4.021156604447151039e+01
-2.455820524512955672e+01
-1.361561833039559133e+01
-2.259223026921608835e+01
-2.364461271048185154e+00
2.327995697044116241e+00
6.069642289333387453e+00
-4.222862891826025589e+00
-1.881552898892050507e+01
-1.414487798627033044e+01
-1.587777444311996078e+00
1.636966734046382044e+00
-1.023774961331582745e+00
-1.449714739908995398e+01
-3.467998838901166891e+00
2.970302541285036568e+01
-2.050747340152611287e+00
-2.072720574896857215e+01
-1.284293269252839309e+01
2.142050125427704188e+01
1.438805007102700984e+01
1.663239966215360255e+01
1.579543422320330137e+01
9.925263064965292870e+00
-2.385358069217772936e+01
1.657881626623657212e+01
6.938272587171923078e-01
-1.692432638865739136e+00
-1.366053715470570751e+00
1.835610442263578079e+01
-1.943753833936079900e+01
1.213565895328747501e+01
-1.467219144437603973e+01
-2.680747665446824612e+01
9.041571572462544282e+00
-8.337750911483908567e+00
-6.432234585662627069e+00
-8.038596231097017153e+00
1.819535434837371213e+01
2.810631907902006787e+00
2.033303084269846295e+01
2.531171469580067424e+01
-3.836952472625989685e+01
2.828768065520716846e+01
2.670366594952520245e+01
-1.187386525959618666e+01
-1.362410482496170516e+01
3.631361064416614681e+01
2.850648233646506924e+01
-7.281339040116108663e+00
1.953274306831963258e+01
1.561591181367066383e+01
1.217242714217627508e+01
1.484120217642384887e+01
2.161569620798400138e+01
4.272928148409391724e+00
9.991575280510005541e+00
1.697566362992847644e+01
3.019469820978883945e-01
3.242354218099762875e+01
3.480605115055504939e+01
-2.412483743347775089e+01
9.342663061815528636e+00
5.897470393820185564e+00
1.203710216524177667e+01
-1.548162885870488026e+01
-6.543478252540353424e+00
-5.302393136850696465e+00
-2.240180479586706497e+01
-6.207147413321308704e+00
-1.064434696297621485e+01
-1.299953100889842972e+01
-4.609556381078618870e-01
-5.373240888975033158e+00
9.317423298325138603e+00
-2.224834476402520522e+00
1.261002738531260547e+00
-6.228519814264927845e+00
-6.813898048297232890e+00
-6.322220004247355973e+00
-1.930263724217820709e+01
-2.589036350360402139e+01
5.992180925179582118e+00
-1.040654552470687122e+01
-2.001676815087148498e+01
-2.426541730908411409e+00
-1.222749850026229979e+01
-1.532520976815521863e+01
-1.668092321296899172e+01
-2.756470071744843153e-02
-4.051797353376969113e+00
1.942957728633837178e+01
-3.785028355803297018e+01
-2.801347176017543461e+01
-8.653187442939270113e+00
8.107368519779811322e+00
-2.281174768220444093e+01
-1.865968043322118319e+01
-2.193099546477833428e+01
-2.765754054384478877e+01
-1.896118558133139231e+01
-3.086662777947276481e+01
-3.869614975982904070e+01
-1.579889976141657826e+00
4.374768751424198854e+00
-2.498313987997607910e+01
-8.261869242358898191e+00
5.049666111344777164e-01
-1.249942631742942467e+01
-6.947030472083497443e-01
-1.275782810065038575e+01
1.357551428477108857e+00
-1.243405231651877330e+01
-5.583729165236491099e+00
-9.662387402789590851e+00
-4.079477885470168985e+00
-2.048788254319788393e+00
6.355925168423709692e+00
1.556510183565160332e+01
1.291885571469128990e+01
-5.746700326265454351e+00
2.259070116123575644e+01
1.899632014305507255e+01
-2.017396539858964388e+01
-1.123068869231201461e+01
2.703667433257396624e+01
-7.564478693093406036e-01
-6.282596594383903721e+00
-6.945081212280456384e+00
-9.858463123980072851e+00
-8.842421662453489262e+00
1.593263479836878105e+00
8.112242455471005087e+00
1.945472233990540190e+01
-4.426523010960409010e+00
-9.120210003118245368e+00
-2.673688455769342909e+01
-1.835228663491761836e+00
-9.091796703414729564e+00
-2.532386057599114793e+01
-1.743834166666738383e+01
1.391538573270781853e+01
-2.419988915157773590e+00
1.830469238790055897e+01
-1.337460826838196226e+01
6.855833180413810624e+00
-6.598918632791537675e+00
8.558001227718250448e+00
-3.493911985405702580e+00
-1.657364351485875886e+01
7.287437062200297078e+00
-1.953201568756458073e+01
-1.148973930376587305e+01
-6.544535296362028021e+00
1.778536678072168797e+01
9.830966892851392913e+00
2.869145267634394258e+00
1.725187139930540070e+01
3.431873470018672379e+00
-1.465352146805889788e+01
-1.859476255099343689e+01
1.632301675513190276e+00
2.473875938864694035e+01
1.396097420261094157e+01
1.314766584502240221e+01
3.162879550261686745e+01
1.997462611953596934e+01
4.628506527739773446e+00
1.110304374027236918e+01
1.217243983957769160e+01
1.247088371613244817e+01
1.282032107253098729e+01
6.471774610448392195e+00
2.223633812386879072e+01
1.701481069355486397e+01
1.268194992233247831e+01
2.914937743802965997e+01
-7.428917260540401912e-01
3.243439239777671901e+00
2.333991399776414255e+01
9.312507797763373674e+00
2.140689056735845952e+01
4.977234130557962999e+01
-9.309524844756651873e+00
6.424913581177406741e+00
1.959864248086250882e+01
-8.029098450260789832e-01
-1.079210965057154681e+01
-2.480918684719199518e+00
8.343579524781944201e+00
1.516093312255134151e+01
1.125844907893724667e+01
2.183787744749952253e+01
1.220625138907871587e+01
-4.304394229126501159e+00
-3.839431080173199007e+00
-5.255117193146361387e+00
-1.333384458471664402e+01
2.020540251531201648e+01
1.324947054462563756e+01
3.971691092098808440e+00
-1.463346481925827902e+01
1.190432490052444336e-01
2.491458740410962491e+00
3.032739733181642805e+00
3.181564877725577389e+00
-7.087147510120757943e+00
2.927425957735204065e+01
1.552074892229302350e+01
4.731219180663629231e+00
4.518524281108966534e+00
3.761923422165182274e+00
-2.339337901850558410e+01
1.580300779182289261e+01
2.905753018373616214e+00
2.275968910026267622e+01
8.980019034371252928e+00
8.308996202144953713e-01
7.607195997815324517e+00
3.537820162107436772e+00
-1.076614708347597116e+01
-1.084588176802799353e+01
-7.940917289181015803e+00
-2.525979625252603000e+01
1.892567144561735404e+01
3.611737721178997162e+01
4.371937526803776564e+00
-4.557798585753971565e+00
-4.700682665210342748e+01
-1.928813760481943973e+01
2.194490840387061326e+00
-2.540488139599256101e+01
4.114611135683389875e+00
1.722691492266494606e+01
-2.866017314932832960e+00
-2.289743613717837434e+01
-1.689309796826364618e+00
-1.927316978607314013e+01
-8.170943376020204596e+00
4.179560135879455629e+00
4.122894681367051817e+01
1.050280343611211720e+01
2.596505037655788328e+01
3.419507598392101499e+00
-8.967543318080060999e+00
-1.503203808631224092e+01
-8.300448059285827185e+00
-7.373280794434322161e+00
-1.380053435221134350e+01
3.475474171255882538e+00
4.009862115576652286e+00
-9.545458134826731111e+00
-1.673069542138682664e+01
4.140526336700077081e+00
-7.703561523803273303e+00
5.451709281946932606e+00
5.515490993670937314e+00
7.335301968913881865e+00
1.957600071092656435e+00
-1.375620288064510532e+00
-2.179511915948933165e+01
1.209542297746475015e+01
-1.315317669265732548e+01
-2.494394841163693854e+01
1.877317943913794807e+01
2.205100886991795051e+01
-8.804891870528990694e+00
1.702012390743630021e+01
3.664159915582786198e+00
1.235348094729442892e+01
-2.187076553348970265e+01
-1.390804178557073101e+01
8.593834597721979662e+00
-2.043108512615799555e+01
-1.329465164308203384e+00
1.620604424203111193e+01
-1.538157708662765799e+00
-1.636139789973412917e+01
1.968359811504342360e+00
-9.106147384732139471e+00
-1.902987427093421502e+01
7.081930464655215474e+00
1.147133872200583937e+01
-9.978512411031715601e+00
2.956804758955604484e+01
-1.511575185052970483e+01
-1.482943948278261814e+01
2.205325150593171202e+01
1.815291140705994621e-01
1.436690312811151671e+01
2.575680664747460469e+01
-9.709260595734122035e+00
-2.978175975323301827e+01
7.583093839614321041e+00
-1.076497401799679210e+01
-1.300379657912162656e+01
1.201141863703242052e+01
9.790360299500662222e+00
6.338917502014737693e+00
-1.324320237923075183e+00
3.248828145281322577e+01
1.326478496845766131e+01
-1.650103475983360113e+01
6.812004133565096708e+00
2.848447199984548206e+00
4.959850373751123698e+00
-1.980778185756662424e+00
-1.877044641725706242e+01
9.056359618973147008e+00
1.135432240864020059e+01
-8.731490840864353231e-01
-3.629985097255303117e+01
-3.631622891457482183e+00
-1.334289871962937468e+01
-1.061042162018657109e+01
-1.314350263135020214e+01
8.914075514017895330e+00
-1.754108059350528492e+01
2.405117153835044519e+01
-1.394330730680076158e+01
-2.293016925203346545e+01
2.665207117521003966e+01
1.575162661021977328e+01
2.033128731140368473e+01
1.229925671342925853e+01
-1.695385927413599347e+01
-1.483126509973317297e+00
1.296774108382305712e+01
-1.343765176317901933e+01
5.045363438263848366e+00
2.932747745518781812e+01
3.612378205612458260e+00
-8.541749429694846185e+00
-1.018570935970819846e+01
-1.084317188514887675e+01
8.602924848378279421e-01
-4.040554256954555967e+01
-6.168039240676989721e+00
-4.113352782856964041e+00
-1.706432114950666801e+01
1.041736965022982986e+01
-9.688710742656894581e+00
-1.827075105750236617e+01
1.154055768635043933e+01
-6.095787385895164334e+00
-2.817636144622474603e+01
-3.220336665552167688e+01
-3.342495892059832840e+01
4.943096052220425918e+00
1.586619861822100574e+01
-9.941173158234960283e+00
-3.090247264393383375e+00
7.457425393754874676e+00
-2.004034971248574948e+01
6.243211500968754990e-01
6.872451302411263896e+00
-2.331015773589342643e+01
-6.967087849903236929e+00
-1.515193158438705723e-01
-1.863700840003139092e+01
-1.432253141019373288e+00
-4.586642669282355200e+00
-4.082610059702801664e+00
5.695840078769833781e-01
-2.818056914366025012e+00
-4.108657134568466063e+01
-1.124838441173778847e+00
-1.186727459260509931e+01
-2.149502629421704114e+01
-3.456024956582496088e+00
1.229824129201915639e+00
-9.535921581781622081e+00
-2.936453018863630859e+01
6.701560074036024162e+00
5.103277491539301991e-01
-1.752210095198552153e+01
-5.065200986859053955e+00
4.657920169648150477e+00
4.985478572248666751e+00
-1.655747978970794065e+01
-4.982347198151728662e-01
-1.309452132701790106e+01
1.227537679269926230e+01
4.322226151951235806e+01
-2.467384003687311633e+01
-1.747420108265851013e+01
1.457816079876511139e+01
1.170303041854367621e+00
-8.438087835690112115e+00
2.890862980318433983e+01
5.705708708968404608e+01
2.255459981082822196e+01
-1.494201384484767914e-01
-3.806990461637724366e+00
-1.845210974539941162e+01
1.916940678456057867e+01
2.241203656380776010e+01
-2.438392098756230553e+01
-8.512006116889097029e-01
1.036214729866969719e+01
1.177246680524149269e+01
-2.264089478604319083e+01
1.740768174255526901e+01
-6.163434883405443543e+00
-9.447886336402916641e+00
1.393943820233380393e+01
-1.380572830590699596e+01
-1.727479897564398925e+01
-1.015135599798759358e+01
-6.447501318814829574e+00
6.709986898100851249e+00
-2.651477647816500394e+01
-3.005959860138318618e-01
1.073028244664919839e+01
1.044702682445540631e+01
-2.721393363333299931e+01
-1.045076602122708209e+01
8.906430712288056384e+00
6.960599122969597374e+00
-1.571350754347577094e+01
-8.369904226728067442e+00
1.571899557825190641e+01
2.624767649758678090e+01
-1.593562177969170079e+01
9.529332966957554163e+00
3.494000618775953626e+01
-2.446401969795715559e+00
1.746995690955327518e+01
-3.562564104768625839e+00
6.469403170467558084e+00
-3.257254926285895635e+00
2.068520075924152479e+01
-7.247044799716604757e+00
1.954134584623079718e+01
1.310639637355143350e+01
-1.011616644018340594e+01
1.846168141202997504e+01
-1.287052499461015032e+01
-5.151927022168820258e+00
9.401609410401306377e+00
1.557922328347967778e+01
-1.634873536329541821e+01
-5.895590960034041927e+00
-9.483896083534091304e-01
1.682854034600040904e+00
3.696433122265716520e+00
2.434136222078905121e+00
1.847574808390891121e+01
-1.432069671844328695e+01
-1.350102098959905561e+01
1.806744410828605396e+01
-1.580283624732601311e+00
-5.670541290359778941e+00
-6.997165724251317442e-01
-1.034027579532175878e+01
-2.009080259565962479e+00
-1.379894834334209008e+01
-1.329124652828613762e+01
3.072206632074539812e+00
1.962647213221862330e+01
2.855309318328818335e+01
-3.026909793834420270e-01
1.951597538427449763e-01
8.774601582375453290e+00
1.142007981888809809e+01
3.683314222695162243e+01
4.486880936285524513e+01
-1.983944768781566381e+01
1.693643222965420136e+00
2.242209957318527813e+01
9.276771487731821253e+00
2.630278499619271315e+01
5.274739686882185197e+00
5.379874982903402270e+00
-2.198893721042622929e-01
1.308973476328174002e+01
7.923147787587367930e-01
-1.199219992532516699e+01
-4.022455466152223380e+00
7.938323555527858844e+00
-1.191321345275810017e+01
-1.382274102104429403e+01
1.634407597300833004e+01
2.348715714785612363e+00
9.079428543269386864e+00
1.729250544831756997e+00
-7.224173288280326233e+00
6.434447401632496621e+00
3.206073939984889876e+00
1.798932590966887801e+01
1.342211242877283439e+01
-3.629127853228055756e+00
-2.841529484893135304e+01
1.886191009466210744e+01
7.189701365061864635e+00
-4.819336205315721600e+00
-6.101501447872578865e+00
9.105370103015047789e+00
1.480314917392388452e+01
-2.209816279960159591e+01
1.858405179012561348e+01
2.395150521992491122e+01
1.908735592836728756e+01
2.264054704303862309e+01
-1.283690466310008560e+01
1.829061965548635271e+01
1.336589881050076656e+01
1.356096507316988209e+01
-1.719872014958446016e+01
-8.384886439273941505e+00
1.431004422208798132e+01
1.017544325426524665e+01
4.283313037886728125e+00
7.030944543197620078e+00
8.869908676280374493e+00
-1.696715841919467493e+01
-7.938255129235130880e+00
1.217885566594668489e+01
6.524152203970970731e+00
-2.418759601884130461e+01
-1.061201069590197221e+01
6.356220504496832291e+00
-5.251725799726500554e+00
-1.825796349152187759e+01
-9.442181622350290127e+00
1.227109651732871498e+01
-2.301350002246181248e+00
-8.170730117948551197e+00
1.928642942322767340e+00
-1.323952236232253199e+01
-9.061915455982216372e+00
-5.861401636359460099e+00
-1.955142435307971027e+01
-1.097817224475465991e+01
1.804982204278803692e+01
-4.581461916889566055e+00
-3.857077400005891832e+00
6.820096964028834918e+00
1.008513956356091512e+01
1.073197495466729379e+01
1.681786086273859837e+00
1.884180025793875757e+01
-4.858465250052631745e+00
-1.169651752396976008e+01
1.371840746092902918e+01
1.077189227319058773e+01
1.102410342111579666e+01
1.244791183809138602e+01
-1.710085038402667124e+00
3.030576400508743973e+01
-1.300709965023361292e+01
-1.023227098217421371e+01
-1.154789112290291087e+01
-1.037163667799586619e+01
-1.288828448190088238e+00
4.187006016535633535e+00
7.131611812782466586e+00
1.601830158406983173e+01
-6.751598315413048113e+00
-1.492960281598698202e+01
-2.700137375322356093e+01
-2.603224429022884578e+01
-1.674638176945336454e+00
1.702941704592376482e+00
-1.117212811057743238e+01
3.915148415235762513e+00
-1.694977205490613414e+01
1.278751449492756365e+01
-8.578943290852294012e+00
-1.524967398637409133e+01
-2.525227076134069648e+01
-2.834177813387441347e+01
-8.679921219693824241e+00
-2.034386893612054337e+01
-5.306769019325656700e-01
4.862144871558939485e+00
-1.299125300152809359e+01
-2.506628447568800766e+00
-2.404022556271365829e+01
-1.085382012631635007e+01
-1.959775802649664911e+01
-5.345569935090679792e+00
-1.066873098512542128e+01
-1.342758101765502943e+01
-2.962702857344811491e+01
-2.966586933568578388e+00
1.526378033793071154e+01
-2.717395749910974700e+01
-1.013393197183631855e+01
-2.170790110574216669e+01
4.200467260804089165e+00
-7.490284439867082256e+00
-2.394697930663778607e+01
-3.280324657852361270e+00
3.770884389633920364e+00
-2.086095590755485318e+01
1.352791502642367050e+01
2.145906074559206900e+00
3.486368660473999626e+00
-5.613277075467522081e-01
1.418379583985506542e+01
-7.445574561981175066e+00
-2.726925911338184960e+00
1.079095073108283032e+01
2.024372291366807985e+01
2.203010625701608660e+00
-1.102864077333833848e+00
7.060110362780960713e+00
1.046720851630652760e+00
1.247862357621215779e+01
1.702495904214401889e+01
2.302124928097828160e+01
1.218615121743641794e+01
-8.641660208645589591e-01
-6.773086887198132899e+00
-1.009474432961542334e+01
-8.564862746933158633e+00
-9.988165165604641516e+00
-3.396593912082153111e+00
-1.562951973664348770e+01
3.257777267961046164e+00
-7.977544822790605394e+00
2.259158406272808861e+01
6.435292901620414341e+00
2.117028956872218259e+01
3.442937395950275459e+01
2.479881824922995293e+01
2.350767259962458411e+01
-3.558006035809739842e-01
3.713298780173636260e+01
1.462788690365050570e+01
2.302602253734175974e+01
1.267595249202395280e+01
2.768782137530934051e+01
1.424306275573508174e+01
3.838762631472036446e+00
1.774226099003726631e+01
1.481120440140603023e+01
2.759886329858090903e+00
-2.178415350772411330e-02
-1.886892534492972118e+01
2.449730895908169259e+01
1.099408250546139243e+01
-1.583092459900626636e+01
2.503609766395129554e-01
-1.589205892981863144e+01
6.228266691469343641e+00
-1.168687640940834171e+01
3.316962348317247233e-01
-3.005830920492962832e+01
-1.885900249200130929e+01
-1.586009686511033578e+01
-2.781356410615899222e+01
-3.417702188784323880e+01
-1.726023555118672448e+01
-1.134226989974968092e+01
-2.637726835836338068e+01
-1.914891054751615229e+01
-2.150928415111684444e+01
-3.285367645023598016e+01
6.787239718326418370e+00
-1.505310697947061271e+01
-1.032651658834083719e+01
-1.644726833018512480e+01
-1.266956028892491304e+01
-7.860038263638216449e+00
-1.928108022943024480e+01
9.158884333869536931e-01
-2.864897076613897298e+01
2.387514638152970292e+01
8.569005604756057437e+00
-4.989475195887735026e+00
4.348136448888453742e+00
-1.736324512129795039e+01
-1.350510489129192138e+00
-5.286417895785234577e+00
1.415339458609605572e+01
-2.372570303879001585e+00
-2.111189377867049188e+00
1.919212358190588930e+01
-5.741436783727749571e+00
-9.074209255877121905e+00
9.403397816387951025e+00
1.309526310921182812e+01
1.760083000885060756e+00
1.580902632836568955e+00
-3.457518330436414544e+00
2.150439114002438146e-01
3.537438907948080669e+01
1.497397880976086526e+01
2.316148769158371579e+01
-4.081625130678730784e+00
2.170384343845444164e+01
3.693395913973336064e+01
2.118865959876575289e+01
6.469579773461191508e-01
9.729343979736313486e+00
9.720347109369413374e+00
1.144410110754643028e+01
-4.743812779174731986e-01
2.189177969280126490e+01
1.096657733247639044e+01
9.904416696298085299e+00
8.000795674302935367e+00
5.979568311190632812e-01
6.312290610823765746e+00
9.398241214235440566e+00
1.311395936967801390e+01
-5.616360192760566861e+00
5.960500775702257670e+00
-4.708636637255949609e-01
1.807439502504394113e+01
6.135012241657022969e+00
-1.656091238416593114e+00
2.688609360645841662e+00
1.076688069445935980e+00
3.594027852132057888e+00
6.477590168544338667e+00
-5.343102860970248003e-01
1.259488393878427814e+01
3.907046418041772995e+00
-2.899342064688426035e+00
-7.343638216358613136e+00
-9.918224587866006914e+00
-7.007280936714778363e+00
1.517672009057650939e+01
-1.463614113391031424e+00
-1.501106543888909073e+00
-1.659152431635357061e+01
1.338686656299842070e+01
-7.510664070461189112e+00
-8.387885553604974120e+00
-1.015460854337470664e+01
2.318427894380874932e+00
9.566130428652286355e+00
2.045343801912849813e+01
-1.378171501460201398e+00
1.761194790909894436e+01
-1.061492051604682274e+01
3.998011535424666363e+00
-2.277635149557590921e+01
-2.368855504301473047e+01
-1.100023492774334954e+01
-1.306178762637227919e+01
-3.110630285942079354e+00
-2.481735394594579702e-01
-7.587033149754006445e+00
6.482647472176722658e+00
-1.151189385744737592e+01
2.870469927832027679e+01
-1.069877954345247417e+01
-1.680344681007545660e+01
1.653000130483587782e+01
6.547368916947561956e+00
-1.664231532909570888e+01
4.361976186841729941e+00
-1.399371161348426540e+01
1.914029769528815450e+01
1.141087310572629576e+01
2.046646560105682511e+01
-1.124354900632761201e+01
6.574758324258255016e+00
-6.599560358336475474e+00
-1.179454854345522108e+01
-1.879624440761290316e+00
-1.690814347794639616e+01
-2.827221589029522875e+01
-1.862986007061408600e+01
8.423200270258348610e-01
6.666542560417383356e+00
-1.789439841035073187e+01
4.108506254065105168e-01
1.893259136797996689e+01
-9.973664129481676355e+00
1.319749436017445987e+00
-1.615362059381368454e+00
5.766996912386730401e+00
-1.912297689004481072e+01
-5.652342734594185458e+00
1.835970153844618835e+01
4.641423240055701172e+00
-9.287883833094838337e+00
-3.089306810490552380e+01
-1.867088547379489682e+01
3.958374767889836221e-01
1.996947615966473677e+01
2.285304460184761410e+00
-7.724362971182472393e+00
-7.905512511980305135e+00
-1.372005006280915040e+01
-5.621773850928548200e+00
-1.106974832368905481e+00
-2.126392852743265394e+00
1.425608427659881272e+00
6.210108636286349792e+00
9.786571907620782440e-01
-1.400835329228857518e+01
-1.163064807359660335e+01
1.988935583235615923e-01
-1.210446292083815933e+00
-1.132645459501873120e+00
-2.951354977929895540e+00
9.377459754781739321e+00
-2.030431732112811005e+01
1.453594658044994503e+01
-9.010497519313048542e+00
1.462934016059625719e+01
-1.622394323827393237e+00
-1.998322546838289782e+01
5.574402471364010125e+00
1.142399773414263109e+01
-1.017745334417941194e+01
7.273276219317722280e+00
2.536928962738693372e+01
-5.223596251657909306e-01
-1.285455591819754773e+00
-1.866759034391679961e+01
5.426203568381424702e-01
1.344879166444025032e+01
-8.719649273034519865e-01
5.667887989016890060e+00
-6.371279045452865830e+00
5.099577917381338921e+00
-2.028149979655472634e+01
-8.354467233195009612e+00
8.366112906960097462e+00
4.124911179995706334e+00
5.104432328961138410e+00
-8.491598647284263279e+00
1.123942372442934357e+01
-1.777611368742964260e+01
1.079607703727697299e+01
1.222736661247245138e+01
1.117281202883532387e+01
1.714545800632686223e+01
3.877454230938383262e+00
-1.161817398267976387e+01
-1.262418257141462163e+01
8.591022356695248163e-01
6.741306928935500764e+00
1.830724346904571576e+01
8.668731095885959803e+00
-1.262748042642306245e+01
-9.828308930474577210e+00
-1.600638775976221950e-01
1.504994460573107062e+01
1.317899693833169295e+00
-8.353120158018100483e+00
-2.322993790520740731e+00
3.587098336037797708e+00
-2.077896651689570717e+00
9.015161751367031684e+00
-3.489797489241482253e+00
-2.602194389393389429e+00
-9.929951495648310811e+00
1.067589690854993023e+01
-1.122700781988896779e+00
3.738401036058803584e+00
3.024726735058266058e+00
5.250872101714776363e-02
-3.951827342923934339e+00
1.286398928106609674e+01
-6.088769698648775375e+00
2.912677627059883889e+01
3.838508908699168387e+00
3.369455050872147694e+00
-1.457875284966121399e+01
1.115897027343407899e+01
-3.859396501453375095e+00
1.031381632322427322e+01
-2.148947239242716023e+00
3.524682069336904533e+00
-7.575199390688339918e+00
2.291246541421105576e+01
-3.889548329627359635e+00
1.064649039291180088e+01
-9.972705819860948395e+00
2.677119588012374152e+00
-7.362353453024752525e+00
-2.446081625079386868e+00
1.015526884525615969e+01
-2.038389280600563325e+01
4.568736747655293584e+00
-1.684435814326502623e+01
-5.572750397152503865e+00
-1.080449330146529974e+01
1.043058226707762515e+01
-1.455178993628987882e+01
-5.443258570479883929e+00
7.758114242290048423e+00
-1.085250672172060149e+01
-3.064058049750951795e+01
8.217596583346676198e+00
-1.517159061697248035e+01
1.636981737398991754e+01
1.554235166412490798e+01
-1.276701334725294146e+01
1.699165524792761062e+01
-5.786072620864615601e+00
-6.819183183094992273e+00
-1.157916919637955289e+00
1.487023616732903974e+01
2.392488193514054728e+00
8.121444797144704353e+00
-4.435702091977873351e-01
-2.380079118388039205e+00
4.114701308631083521e-01
-5.525168262226543447e+00
1.883353788854947197e+00
1.766891987966209854e+01
-5.606464831800167303e+00
-2.031765193884893961e+00
1.888111350040162506e+00
1.455585387669998454e+01
-2.577827003022775898e+00
7.009289550489484100e+00
-6.862918068991348264e-01
-3.861414305355992838e+00
1.858751253245372936e+00
5.098522815012984211e+00
7.887861948415320512e+00
5.690793886631126952e+00
4.238439064813519508e+00
-4.350645966269439668e-02
4.317347677283578378e+00
1.631081469037098941e+01
-7.754852182844842901e+00
1.695195528030581045e+00
2.044085125822221016e+00
1.522735653662039113e+01
-2.179287220352489385e+01
-6.512903548412850796e+00
1.441378115050429187e+01
2.390787897857990174e+00
1.024487090531374633e+01
-4.448601775914085010e+00
-1.717788610563661678e+01
1.665369498911650226e+01
7.909250127619543491e+00
-3.718507035394395643e+00
-1.399436171000843387e+01
-1.207417833859972234e+01
-4.194998015381770529e+00
1.200319191191420032e+01
1.968538056735269492e+00
3.835203437356085487e+00
6.076731454490982287e-01
7.181141550378924876e+00
2.640795135110693082e+00
8.461014516318755341e+00
-1.735968182235865243e+00
5.909554934736206633e+00
-2.466874215834673123e+01
-7.793667500128321990e+00
3.777408498331624287e+00
-1.640188592139338652e+01
1.832769452031243418e+01
-1.417382652858668735e+01
-9.250329283383962320e+00
-2.016218641418004154e+01
8.139541918324539438e+00
-1.589748661657563389e+01
1.462180143466275695e+01
1.272427050197848075e+01
-3.049481119413940178e+00
-1.569835099721785809e-01
-4.206220021171247936e+00
-1.628722546223775680e+01
-6.056029337595646211e+00
1.274222346236592784e+01
4.846738385925618786e+00
-7.670823978790394904e+00
1.225361780605453532e+01
1.595171200209097151e+01
-1.425862779127282920e+01
-1.514474983462559976e+01
-7.170830803534045117e+00
8.815328585569659481e-01
-1.952369770769109891e+00
-1.276259089446284634e+01
3.559447811285463104e+01
-7.521898900029100332e+00
1.856482571875676513e+01
-3.092470816362947517e+00
1.057185946305571633e+01
6.312156035804946441e+00
4.432943331122714881e+00
4.047787636328848748e+00
-1.014439766642863106e+01
1.262871021617775114e+01
-1.532695255983526295e+01
1.213715664393657789e+01
-1.063750404339452871e+01
9.925825094713673025e+00
-9.275431199334889243e-01
-9.507330055570037075e+00
1.115920703101983236e+01
2.259101608945456974e+00
3.470327800103859772e+00
-1.615428319767715948e+01
-2.416273266835787581e+01
-2.497651592600823278e+01
4.670875523813265318e+00
-6.356475209801374149e+00
1.923348508838444104e+00
1.577989300001263473e+00
7.057961524748861848e+00
9.694435288428849162e+00
1.155292753468802402e+01
-2.683879949748461513e+01
-1.791665367313044044e+01
-1.024921136317971104e+00
9.566272766130623495e+00
9.997109800801808888e-01
1.646875451572668680e+00
-1.353658313463120066e+01
4.963124014550430729e+00
1.366622551628097426e+00
2.761439755443461763e+00
1.951690651702347168e+01
-9.973055251152345591e+00
4.162401376383968454e+00
-1.648887453757197363e-02
1.180453593167112558e+01
-1.389673809386749781e+00
3.182382574954772281e+00
7.511537593209141050e-01
-1.840353827325770908e+01
-1.268432045995723456e+00
5.672366069214149320e+00
8.859394537188563845e+00
1.503376943648800079e+01
-2.062135204414562395e+01
-1.695413177449790965e+01
4.113861555149924243e+00
6.882310567816148250e+00
1.778561728119120744e+01
-7.512982317512069130e+00
-2.214047472806532824e+01
-2.909178847568000492e+00
-6.163799728939011402e+00
-1.559631941840643776e+01
-7.449972120102756890e+00
-9.651395488561774982e+00
-1.829263103416815284e+01
1.851009403556963662e+01
1.121841066032811796e+01
-1.793240719044615616e+01
-5.387411978470026952e+00
-1.390838145939596870e+00
2.732007565442017949e+00
1.093148438379421350e+01
5.037759112706226006e+00
2.066459223420270064e+01
1.377292332381284723e+01
-5.959466412576603034e+00
-2.503141195636999328e+00
-7.341920543876767624e-01
5.689539081450220692e+00
1.114087405807322284e+01
-1.053558492119145740e+01
-2.512994135200187884e+00
5.864698992672856548e-02
-4.871760394925786386e+00
1.023978937579340709e+01
7.556186521191648353e+00
-4.302805811573762185e+00
1.096109416038507334e+01
1.216291998198903457e+01
-9.934184464437748829e+00
6.704763988448576129e+00
7.356603375439590309e+00
-1.569962883297830558e+01
7.821795544383348897e+00
7.418992941750730097e+00
7.705838556462367706e+00
1.245467628134656479e+01
-1.868223960016939600e+01
-5.141856349158842932e+00
-3.929476129992508504e+00
1.026239221004198043e+01
-5.761584911811951315e+00
9.983835502156580333e+00
6.368349067597137037e+00
-1.216959959867153884e+01
8.352154786436585709e+00
4.647174013090079825e+00
3.667225406774377916e+00
4.500321275250826147e+00
-2.116836846884007173e+01
2.117886080633525125e+01
1.889816844818551544e+01
-7.529198813530001644e+00
-1.507606270926316938e+01
1.164718263914255658e+01
-2.330612012451638293e+00
-2.248436524874250608e+00
-2.253724036448602419e+00
-2.624421237105252658e+00
-9.598163731462591386e+00
-1.339932722391495190e+01
5.987933652501851611e+00
7.352996941815945320e+00
-6.203818564376433642e+00
-7.693600169122873922e-01
-9.356209373558613152e+00
8.135427830702610663e-01
-1.313129848115295317e+00
